[initialization]
nexta=1
FreewayColor=255
RampColor=0
ArterialColor=1870620
ConnectorColor=42495
TransitColor=16711935
WalkingColor=65407
BackgroundColor=16777215
NodeColor=-1
NodeBrushColor=-1.00000
simulation_engine=DTALite.exe
AgentColor1=12500670
AgentColor2=65280
AgentColor3=7731967
AgentColor4=64255
NodeBackgroundColor=-1
ZoneColor=16760576
[Grid]
top=50.00000
bottom=0.00000
left=0.00000
right=100.00000
[GUI]
node_display_size=0.010000
node_text_display_ratio=4.000000
